      mode        phs vel       w(mhz)          t(secs)      grp vel(km/s)        q             raylquo
    0     2    4.688737        1.073968        931.1268        6.873333        454.2542       0.8313947E-06
    1     2    8.373035        1.917866        521.4129        6.848898        1280.038       0.4584126E-06
    2     2    13.63876        3.123993        320.1031        7.382061        554.0242      -0.1559536E-05
    3     2    17.46489        4.000379        249.9763        9.180155        637.0738      -0.3544570E-06
    4     2    18.71024        4.285630        233.3379        8.263668        658.5572      -0.9874932E-06
    5     2    23.25900        5.327535        187.7041        5.498230        556.4876       0.6993418E-06
    6     2    27.60345        6.322643        158.1617        8.536073        575.4900      -0.9725866E-06
    7     2    27.98616        6.410304        155.9988        10.48009        667.3652      -0.9899657E-06
    8     2    32.22895        7.382127        135.4623        5.422299        587.4840      -0.4244811E-06
    9     2    36.63765        8.391951        119.1618        7.888706        571.3943      -0.2290470E-05
   10     2    38.22805        8.756235        114.2043        11.90272        654.6500      -0.2363136E-05
   11     2    41.72236        9.556616        104.6395        7.630857        598.2508      -0.4809781E-06
   12     2    43.22438        9.900658        101.0034        12.18487        673.2405      -0.2497284E-05
   13     2    46.59562        10.67285        93.69569        7.868815        576.0448      -0.7476692E-06
   14     2    51.08925        11.70213        85.45454        5.720566        585.0727      -0.5911543E-06
   15     2    51.72647        11.84809        84.40182        10.07214        719.9042      -0.5023495E-06
   16     2    55.61873        12.73962        78.49530        7.267471        612.0295      -0.1307808E-06
   17     2    59.85562        13.71009        72.93899        6.215941        576.4090      -0.8200965E-06
   18     2    61.23978        14.02713        71.29040        11.14854        763.0401      -0.4218662E-05
   19     2    64.81136        14.84521        67.36177        4.980364        555.2355      -0.2647572E-06
   20     2    69.01107        15.80717        63.26244        13.27030        799.9593      -0.4741296E-05
   21     2    69.68724        15.96205        62.64861        7.168707        616.8283      -0.2313802E-05
   22     2    73.43797        16.82116        59.44893        6.490813        585.3687      -0.3760016E-06
   23     2    76.93211        17.62150        56.74884        10.90069        767.9817       0.6035456E-08
   24     2    78.72189        18.03146        55.45863        4.231561        553.4631       0.1207370E-06
   25     2    83.41048        19.10539        52.34124        7.956294        630.6632      -0.3788293E-06
   26     2    85.83266        19.66020        50.86419        10.54017        774.2083      -0.3908887E-05
   27     2    87.20317        19.97412        50.06479        6.133015        597.6351      -0.1745869E-06
   28     2    92.46770        21.17997        47.21442        4.152524        562.3445       0.5217915E-06
   29     2    94.24200        21.58638        46.32551        11.32003        805.4487      -0.5327810E-05
   30     2    96.91069        22.19765        45.04981        7.772011        629.5310       0.4306945E-06
   31     2    101.0039        23.13521        43.22415        5.584894        592.4984       0.5155632E-06
   32     2    102.5155        23.48145        42.58681        11.44020        815.4625      -0.1658071E-06
   33     2    105.7880        24.23103        41.26940        5.304505        568.8642       0.8712252E-06
   34     2    110.2429        25.25142        39.60174        6.135075        619.4483       0.4824327E-07
   35     2    111.0339        25.43261        39.31960        10.36493        769.8425      -0.2305499E-05
   36     2    114.7236        26.27774        38.05502        7.101716        618.9248       0.6718512E-06
   37     2    118.7902        27.20920        36.75228        5.334815        584.1603       0.2623422E-06
   38     2    119.5717        27.38822        36.51205        10.20900        778.8913      -0.5046519E-05
   39     2    123.9848        28.39906        35.21244        4.668858        590.6418       0.6619262E-06
   40     2    127.9616        29.30994        34.11812        11.37884        825.2944      -0.1166447E-05
   41     2    128.2114        29.36716        34.05164        8.640829        653.1178      -0.2097644E-06
   42     2    132.1888        30.27819        33.02707        4.458604        572.6019       0.7326392E-06
   43     2    136.0598        31.16485        32.08743        11.03504        798.4826      -0.1356130E-05
   44     2    137.7203        31.54521        31.70054        4.597170        577.1999       0.6400946E-06
   45     2    141.6292        32.44054        30.82563        8.617575        649.1561       0.5510571E-06
   46     2    144.6383        33.12979        30.18431        9.957410        810.0624      -0.5059632E-05
   47     2    145.9967        33.44094        29.90347        4.240059        571.6685       0.3149099E-06
   48     2    151.2091        34.63485        28.87265        5.311224        570.2351       0.7144450E-06
   49     2    153.1876        35.08801        28.49976        11.30677        837.3232      -0.1735628E-05
   50     2    155.2582        35.56231        28.11966        7.181991        624.1895       0.4539100E-06
   51     2    159.7887        36.60003        27.32238        5.411403        582.2762       0.5030704E-06
   52     2    161.1185        36.90463        27.09687        11.43690        820.6471      -0.2438170E-06
   53     2    164.4182        37.66042        26.55308        5.210467        563.0815       0.6351775E-06
   54     2    169.1763        38.75028        25.80626        6.034189        608.8088      -0.4160083E-05
   55     2    169.6089        38.84936        25.74045        9.608795        816.4772      -0.4069393E-05
   56     2    173.3207        39.69958        25.18919        7.151835        596.9567       0.5545650E-06
   57     2    177.8135        40.72865        24.55274        5.677360        617.4367      -0.6540071E-06
   58     2    178.3163        40.84381        24.48351        9.138459        721.7503      -0.2001590E-05
   59     2    183.2580        41.97573        23.82329        6.511263        610.8098       0.3286730E-06
   60     2    186.0067        42.60534        23.47124        11.60691        839.9758       0.5056496E-06
   61     2    186.8080        42.78887        23.37056        7.330603        607.6879       0.4064103E-06
   62     2    191.9501        43.96669        22.74449        3.492092        553.3512       0.1578934E-06
   63     2    194.3419        44.51452        22.46458        9.593646        826.5077      -0.3407245E-05
   64     2    196.9948        45.12218        22.16205        7.522197        619.2533       0.4634594E-06
   65     2    200.6403        45.95718        21.75938        6.173859        602.0954       0.1408647E-06
   66     2    202.9127        46.47768        21.51570        10.36621        823.2454      -0.3896118E-05
   67     2    205.9224        47.16707        21.20123        4.265655        555.1501       0.3551585E-06
   68     2    210.4488        48.20387        20.74522        6.912368        601.7483       0.5036562E-06
   69     2    210.8560        48.29713        20.70516        11.58011        843.8157       0.3957011E-06
   70     2    214.7430        49.18746        20.33039        6.072040        602.3946       0.2201935E-06
   71     2    218.9620        50.15383        19.93866        9.387417        779.7170      -0.2424025E-05
   72     2    219.3834        50.25035        19.90036        6.041450        590.3129       0.1289433E-09
   73     2    224.1057        51.33201        19.48102        4.891538        576.9139       0.2945145E-06
   74     2    227.5780        52.12734        19.18379        10.09280        827.7077      -0.4799719E-05
   75     2    228.6562        52.37431        19.09333        7.710335        626.6651      -0.6806979E-06
   76     2    232.6353        53.28574        18.76675        4.858882        566.7167       0.5030487E-06
   77     2    235.7952        54.00952        18.51526        11.48865        838.0062       0.3751190E-06
   78     2    238.0654        54.52950        18.33870        4.132080        571.9115       0.3000741E-06
   79     2    242.2093        55.47868        18.02494        8.947007        649.9272       0.5624660E-06
   80     2    243.8905        55.86376        17.90069        10.75203        824.7930       0.1405777E-06
   81     2    246.3842        56.43495        17.71952        3.928677        564.8318       0.3315201E-06
   82     2    251.8842        57.69475        17.33260        4.915032        579.8626       0.5580674E-06
   83     2    252.4506        57.82447        17.29372        9.754527        818.1930      -0.3367377E-06
   84     2    255.7357        58.57694        17.07156        8.187202        642.8993       0.4325238E-06
   85     2    260.2653        59.61445        16.77446        4.472214        576.9096       0.3905920E-06
   86     2    260.9490        59.77106        16.73051        10.94544        815.1418       0.9324837E-07
   87     2    265.2567        60.75774        16.45881        5.503243        572.8505       0.6194149E-06
   88     2    268.9576        61.60544        16.23233        10.99789        806.6070      -0.2072359E-07
   89     2    269.5275        61.73599        16.19801        6.832741        628.1735       0.1616107E-06
   90     2    273.9386        62.74636        15.93718        5.958387        586.6427       0.5011218E-06
   91     2    277.4801        63.55754        15.73377        9.587655        812.5614      -0.5676943E-06
   92     2    278.4876        63.78833        15.67685        4.781833        565.9707       0.4429518E-06
   93     2    283.4773        64.93122        15.40091        6.040360        608.6971       0.2427769E-06
   94     2    286.1939        65.55347        15.25472        10.87539        825.7148      -0.2649636E-06
   95     2    287.3013        65.80712        15.19592        7.371381        607.9174       0.4391210E-06
   96     2    292.1598        66.91999        14.94322        3.440493        555.9906       0.2838550E-06
   97     2    294.2671        67.40267        14.83621        11.73013        823.0673      -0.6000398E-07
   98     2    297.3794        68.11554        14.68094        7.115930        616.8041       0.3493053E-06
   99     2    300.8595        68.91267        14.51112        6.698060        605.2756       0.3532871E-06
  100     2    302.7215        69.33917        14.42186        9.768254        811.2460      -0.6414522E-06
  101     2    306.1901        70.13365        14.25849        3.464917        552.8875       0.2250688E-06
  102     2    310.9534        71.22469        14.04008        7.682070        616.4952       0.5955514E-06
  103     2    311.5373        71.35845        14.01376        10.66247        823.4537      -0.6962838E-06
  104     2    314.8582        72.11911        13.86595        5.730134        594.7957       0.9007820E-07
  105     2    319.6389        73.21414        13.65856        11.87238        825.9944      -0.1503336E-06
  106     2    319.9658        73.28901        13.64461        4.759582        556.4235       0.4144350E-06
  107     2    324.4815        74.32334        13.45472        6.170651        590.2404       0.2826640E-06
  108     2    328.0381        75.13799        13.30885        9.902999        811.0342      -0.4108086E-06
  109     2    328.9812        75.35401        13.27069        6.542758        604.7321      -0.6743156E-08
  110     2    333.3168        76.34710        13.09807        5.250884        557.9850      -0.2627406E-06
  111     2    336.8660        77.16004        12.96008        10.30890        816.9142      -0.4542316E-06
  112     2    338.4591        77.52496        12.89907        4.678650        572.2410      -0.4762439E-07
  113     2    342.8057        78.52055        12.73552        8.494721        632.8202      -0.1913380E-06
  114     2    345.0628        79.03756        12.65221        11.88791        830.4369      -0.3121887E-07
  115     2    346.9915        79.47933        12.58189        4.126160        554.4325      -0.7720852E-07
  116     2    352.6170        80.76785        12.38116        4.907951        575.2231       0.1040298E-07
  117     2    353.3967        80.94645        12.35385        10.08588        808.5590      -0.4453528E-06
  118     2    356.4418        81.64393        12.24831        8.730254        639.0242      -0.2079638E-06
  119     2    361.1418        82.72048        12.08891        3.647623        554.2776       0.3482953E-07
  120     2    362.1813        82.95858        12.05421        10.08421        809.7966      -0.5896404E-06
  121     2    366.4736        83.94175        11.91302        6.075659        579.5832      -0.2351474E-06
  122     2    370.3325        84.82563        11.78889        7.082344        616.0152       0.3940173E-06
  123     2    370.4745        84.85816        11.78437        11.71102        829.6268      -0.4918255E-06
  124     2    375.2082        85.94244        11.63569        4.735308        558.5007      -0.1336473E-06
  125     2    378.6806        86.73780        11.52900        10.54434        821.8227      -0.3035604E-06
  126     2    379.9188        87.02140        11.49143        5.611313        568.9627      -0.2726556E-06
  127     2    384.5288        88.07733        11.35366        6.479909        609.1914       0.3223215E-07
  128     2    387.3677        88.72760        11.27045        9.841159        818.3288      -0.5782221E-06
  129     2    388.7426        89.04252        11.23059        6.172646        574.4701      -0.3497175E-06
  130     2    393.6785        90.17311        11.08978        3.950783        555.7013      -0.3743146E-07
  131     2    395.8144        90.66234        11.02994        11.42727        830.7300      -0.6905820E-07
  132     2    398.5896        91.29800        10.95314        7.893218        630.2071      -0.1349711E-06
  133     2    402.2726        92.14161        10.85286        5.557015        578.2358      -0.9949975E-07
  134     2    403.8916        92.51245        10.80936        10.97050        827.2850      -0.2655720E-06
  135     2    407.7963        93.40683        10.70585        3.550466        556.0022       0.1388956E-07
  136     2    412.2572        94.42860        10.59001        8.800980        644.2875      -0.2562752E-06
  137     2    412.4666        94.47657        10.58463        9.605731        821.8067      -0.1586995E-05
  138     2    416.2089        95.33376        10.48946        4.553539        577.2083       0.2444939E-09
  139     2    421.0218        96.43616        10.36955        10.96475        830.0510      -0.1391869E-06
  140     2    421.6288        96.57519        10.35463        4.544500        567.0407      -0.1868267E-06
  141     2    425.7584        97.52110        10.25419        7.506115        628.8565      -0.1416297E-06
  142     2    429.0080        98.26541        10.17652        11.34192        831.7791      -0.1033094E-06
  143     2    430.1096        98.51775        10.15045        5.138060        594.4670      -0.5265253E-07
  144     2    434.7526        99.58124        10.04205        5.014945        574.3658      -0.2385142E-06
  145     2    437.4548        100.2002        9.980022        9.487472        824.3923      -0.5486710E-06
  146     2    439.2747        100.6170        9.938675        5.376249        614.6066      -0.5667077E-07
  147     2    443.4932        101.5833        9.844138        6.999866        635.0009      -0.9605861E-07
  148     2    446.0919        102.1785        9.786791        10.66887        836.3854      -0.3153827E-06
  149     2    447.5479        102.5120        9.754953        4.340085        587.4651      -0.1469024E-06
  150     2    452.6123        103.6720        9.645802        4.200055        607.8875       0.8286435E-07
  151     2    454.0592        104.0035        9.615064        11.60964        835.3185      -0.2820984E-07
  152     2    456.5638        104.5772        9.562318        8.575828        664.2055      -0.1790660E-06
  153     2    460.5715        105.4951        9.479112        3.767223        585.9698       0.5624536E-07
  154     2    462.3747        105.9081        9.442145        9.605126        825.2391      -0.5686703E-06
  155     2    465.9704        106.7318        9.369283        4.314831        586.9001      -0.1451660E-07
  156     2    469.7949        107.6078        9.293009        8.596151        655.1518      -0.2919480E-07
  157     2    471.0607        107.8977        9.268038        10.27638        832.4851      -0.5634163E-06
  158     2    474.1713        108.6102        9.207238        3.927703        574.7265       0.2780525E-07
  159     2    479.1220        109.7442        9.112102        11.73389        837.0633       0.6837761E-07
  160     2    479.3420        109.7946        9.107920        5.264772        573.3177      -0.2946810E-06
  161     2    483.3969        110.7233        9.031519        6.980816        622.2524      -0.3102590E-07
  162     2    487.3447        111.6276        8.958358        9.946286        825.1191      -0.3490169E-06
  163     2    487.9616        111.7689        8.947033        5.374978        579.6733      -0.2568448E-06
  164     2    492.5691        112.8243        8.863341        5.011446        561.2587      -0.2194660E-06
  165     2    496.0543        113.6225        8.801071        9.948477        823.3606      -0.4096550E-06
  166     2    497.4251        113.9365        8.776816        6.001354        604.0860      -0.9638941E-07
  167     2    501.4753        114.8642        8.705930        7.185603        599.9508      -0.2357500E-06
  168     2    504.2956        115.5102        8.657241        11.67546        836.0651      -0.2693814E-07
  169     2    506.2257        115.9523        8.624234        3.635918        551.9010      -0.3109547E-07
  170     2    511.5003        117.1605        8.535300        6.854025        611.8929       0.5387072E-07
  171     2    512.4619        117.3808        8.519284        10.42912        823.3706      -0.4485313E-06
  172     2    515.0229        117.9674        8.476922        6.919636        603.7302      -0.1592113E-06
  173     2    520.3428        119.1859        8.390255        3.274529        550.3622       0.7443915E-07
  174     2    521.1729        119.3760        8.376891        9.788590        814.3855      -0.6068171E-06
  175     2    525.2293        120.3052        8.312195        7.962562        621.4744      -0.2371021E-06
  176     2    528.9954        121.1678        8.253018        5.673774        592.8059       0.1246989E-06
  177     2    529.6092        121.3084        8.243453        11.49190        830.5740      -0.1993409E-06
  178     2    534.2827        122.3789        8.171345        4.325496        554.3709      -0.1344089E-06
  179     2    537.7365        123.1700        8.118863        10.90718        822.0954      -0.1719932E-06
  180     2    538.7433        123.4006        8.103690        6.795785        600.8874      -0.1467448E-06
  181     2    543.1270        124.4047        8.038284        6.008035        599.9164      -0.2140688E-07
  182     2    546.4150        125.1578        7.989914        9.668305        812.9429      -0.1912385E-05
  183     2    547.6564        125.4421        7.971802        5.218620        560.9741      -0.2637211E-06
  184     2    552.5307        126.5586        7.901476        4.835366        580.3370      -0.8971567E-08
  185     2    555.0358        127.1324        7.865814        11.29845        825.5644      -0.5183180E-06
  186     2    556.9405        127.5687        7.838914        7.938446        630.2585      -0.1265295E-06
  187     2    561.0295        128.5053        7.781780        4.347683        564.8352      -0.1030913E-06
  188     2    563.1408        128.9889        7.752606        11.32074        820.9774      -0.4469360E-06
  189     2    566.4952        129.7572        7.706700        4.355485        580.5911       0.3544868E-07
  190     2    570.4110        130.6542        7.653794        8.903689        654.0667      -0.2611175E-06
  191     2    571.7882        130.9696        7.635359        9.605120        811.5753      -0.1833866E-05
  192     2    574.7359        131.6448        7.596199        3.541858        571.4092       0.5937810E-07
  193     2    580.1102        132.8758        7.525825        5.002794        589.7744      -0.1538427E-06
  194     2    580.5432        132.9750        7.520212        11.08037        818.8153      -0.7184318E-06
  195     2    583.8265        133.7270        7.477921        7.870185        648.6457      -0.7895025E-07
  196     2    588.3494        134.7630        7.420434        4.096086        585.7784      -0.4402490E-07
  197     2    588.6494        134.8317        7.416653        11.61385        820.5364      -0.1581716E-06
  198     2    593.1419        135.8607        7.360479        5.292198        585.4798      -0.2223747E-06
  199     2    597.2501        136.8017        7.309850        9.600127        802.2579      -0.2529872E-05
  200     2    597.3189        136.8175        7.309008        6.180448        632.7690      -0.5732002E-05
  201     2    601.6376        137.8067        7.256542        5.949747        605.0024      -0.1211426E-06
  202     2    606.0083        138.8078        7.204206        4.612738        579.4287      -0.3809826E-06
  203     2    606.0799        138.8242        7.203355        10.74601        809.4194      -0.1496659E-05
  204     2    610.9705        139.9444        7.145694        5.439311        611.3984       0.4959085E-07
  205     2    614.2318        140.6914        7.107753        11.77372        822.0047      -0.1489052E-06
  206     2    614.8068        140.8231        7.101106        7.747183        627.5671      -0.1268077E-06
  207     2    619.3828        141.8713        7.048644        3.375991        563.6424       0.1147575E-07
  208     2    622.7708        142.6473        7.010298        9.799941        808.7223      -0.1712534E-05
  209     2    624.7188        143.0935        6.988438        6.039907        606.3791      -0.3367847E-07
  210     2    628.1985        143.8905        6.949727        7.643105        630.4669      -0.1271969E-06
  211     2    631.6246        144.6753        6.912030        10.60034        815.1141      -0.1274872E-05
  212     2    633.2229        145.0414        6.894584        3.276002        558.2141       0.3598667E-07
  213     2    638.2368        146.1898        6.840421        6.845336        602.7057      -0.2313364E-06
  214     2    639.8627        146.5622        6.823039        11.83633        823.6493       0.3132062E-08
  215     2    641.9986        147.0515        6.800340        6.430102        615.1352       0.1371340E-07
  216     2    646.9679        148.1897        6.748107        4.487717        562.3576      -0.1646032E-06
  217     2    648.3066        148.4963        6.734172        10.03645        808.8433      -0.1512383E-05
  218     2    651.5586        149.2412        6.700562        5.834432        583.2730      -0.1975048E-06
  219     2    656.0337        150.2663        6.654854        6.436455        615.1301      -0.6174006E-07
  220     2    657.1682        150.5261        6.643365        10.30520        812.7577      -0.1446485E-05
  221     2    660.2752        151.2378        6.612104        5.703970        573.1919      -0.2622424E-06
  222     2    665.1955        152.3648        6.563196        4.095879        567.8537      -0.7743545E-07
  223     2    665.5112        152.4371        6.560083        11.81002        823.6709       0.4710490E-07
  224     2    669.9085        153.4443        6.517022        8.022366        637.8198      -0.1248199E-06
  225     2    673.6432        154.2998        6.480892        5.437126        586.9510      -0.5138415E-06
  226     2    673.8516        154.3475        6.478887        10.02123        794.6096      -0.1122120E-05
  227     2    679.1467        155.5604        6.428373        3.606226        564.7012       0.1123933E-07
  228     2    682.6956        156.3732        6.394956        9.992583        811.7139      -0.1787949E-05
  229     2    683.4701        156.5506        6.387709        8.948822        651.7117      -0.1518180E-06
  230     2    687.4595        157.4644        6.350641        4.288037        576.9674       0.1154042E-07
  231     2    691.1352        158.3064        6.316866        11.81022        824.5893      -0.6507746E-07
  232     2    692.8938        158.7092        6.300833        4.452574        567.4709      -0.1266101E-06
  233     2    696.9554        159.6395        6.264115        7.748923        632.3016      -0.1712694E-06
  234     2    699.3505        160.1881        6.242662        10.58756        815.1030      -0.1064739E-05
  235     2    701.3643        160.6494        6.224737        4.887501        585.4172      -0.1444425E-07
  236     2    706.1360        161.7423        6.182674        5.142209        566.4528      -0.2950661E-06
  237     2    708.1772        162.2099        6.164853        9.726011        812.9220      -0.1802581E-05
  238     2    710.6740        162.7818        6.143194        5.798694        605.2040      -0.6045500E-08
  239     2    714.9902        163.7704        6.106109        6.912867        608.9745      -0.2039091E-06
  240     2    716.6874        164.1592        6.091649        11.67942        825.9383      -0.1712307E-06
  241     2    719.3562        164.7705        6.069049        4.242089        561.4308      -0.1521141E-06
  242     2    724.6267        165.9777        6.024907        5.337973        596.3855      -0.3603314E-06
  243     2    724.8014        166.0177        6.023455        10.81299        819.9339      -0.5585673E-06
  244     2    728.3945        166.8407        5.993742        8.205073        630.8886      -0.2090356E-06
  245     2    733.0984        167.9181        5.955283        3.392202        559.9159      -0.7796629E-07
  246     2    733.5613        168.0242        5.951525        9.408896        808.6165      -0.1782775E-05
  247     2    738.4828        169.1514        5.911862        6.317261        600.2813      -0.1285453E-06
  248     2    741.9908        169.9549        5.883912        7.777811        640.1102      -0.7805610E-06
  249     2    742.1118        169.9827        5.882952        10.99758        802.8505       0.5403688E-07
  250     2    747.1157        171.1288        5.843551        3.585119        554.7684      -0.3999848E-07
  251     2    750.1222        171.8175        5.820130        11.03856        828.7545      -0.5000315E-06
  252     2    751.9773        172.2424        5.805772        6.768622        594.1680      -0.2382848E-06
  253     2    756.0100        173.1661        5.774802        6.247064        608.2140      -0.1751208E-07
  254     2    758.7075        173.7840        5.754271        9.403609        823.0221      -0.1836173E-05
  255     2    760.8127        174.2662        5.738349        5.088778        561.2433      -0.2273840E-06
  256     2    765.4628        175.3313        5.703489        5.200207        571.7635      -0.1620656E-06
  257     2    767.2415        175.7387        5.690267        10.87624        837.9744      -0.7476891E-06
  258     2    770.1431        176.4033        5.668828        7.026269        616.9171      -0.3533164E-07
  259     2    774.1781        177.3275        5.639282        5.575554        568.1830      -0.2729353E-06
  260     2    775.1715        177.5551        5.632055        11.19858        843.6629      -0.1567651E-06
  261     2    779.4544        178.5361        5.601108        3.860325        559.0297       0.5255056E-08
  262     2    783.4626        179.4542        5.572453        9.376824        838.1654      -0.1906612E-05
  263     2    783.9947        179.5761        5.568671        8.833357        642.2475      -0.3766891E-07
  264     2    787.9463        180.4812        5.540744        4.370212        562.3398      -0.2330456E-07
  265     2    791.9096        181.3890        5.513014        10.10517        849.7929      -0.1171105E-05
  266     2    793.6341        181.7840        5.501034        4.270190        560.5355      -0.1175656E-07
  267     2    797.6441        182.7025        5.473379        8.799019        641.0777      -0.1149365E-06
  268     2    799.7835        183.1925        5.458738        11.25502        859.8236       0.2475949E-07
  269     2    802.1471        183.7339        5.442653        4.031908        559.4641       0.1228327E-07
  270     2    807.3921        184.9353        5.407296        5.535698        566.0185      -0.2433162E-06
  271     2    807.7442        185.0160        5.404939        9.608988        849.0507      -0.1291634E-05
  272     2    811.5305        185.8832        5.379722        6.916749        613.0244      -0.1993761E-07
  273     2    816.1215        186.9348        5.349459        8.635759        768.1661      -0.2011453E-05
  274     2    816.1844        186.9492        5.349047        6.406212        620.4433       0.1441713E-06
  275     2    820.8172        188.0104        5.318856        4.938828        556.8917      -0.1253338E-06
  276     2    824.1850        188.7818        5.297122        11.25757        857.4548      -0.1008183E-06
  277     2    825.7421        189.1384        5.287133        6.256906        604.1743       0.3014468E-07
  278     2    829.7201        190.0496        5.261785        6.954465        592.1663      -0.1566592E-06
  279     2    832.0523        190.5838        5.247036        10.34224        843.7146      -0.8645200E-06
  280     2    834.6793        191.1855        5.230522        3.494946        549.2278      -0.7068659E-08
  281     2    839.8244        192.3640        5.198478        7.641941        622.7114      -0.2542244E-06
  282     2    840.5369        192.5272        5.194071        9.340434        834.0966      -0.1690740E-05
  283     2    843.3718        193.1765        5.176612        6.142727        591.2376      -0.4434923E-07
  284     2    848.8614        194.4339        5.143135        3.906039        562.0845      -0.2726027E-06
  285     2    848.9270        194.4490        5.142737        10.69016        815.9362      -0.2547396E-06
  286     2    853.4973        195.4958        5.115199        8.358323        629.2540      -0.1276389E-06
  287     2    856.8690        196.2681        5.095071        11.02903        833.0135      -0.5712253E-06
  288     2    857.4380        196.3984        5.091690        5.116952        584.6274       0.7501978E-07
  289     2    862.7016        197.6041        5.060624        4.578077        557.1974      -0.1171541E-06
  290     2    865.4151        198.2256        5.044757        9.405036        821.2501      -0.1903474E-05
  291     2    867.0648        198.6035        5.035158        6.721487        605.6859      -0.5105252E-07
  292     2    871.4935        199.6179        5.009571        5.979436        599.5631      -0.4745813E-07
  293     2    874.0434        200.2020        4.994956        10.96062        828.8213      -0.7218394E-06
  294     2    875.9615        200.6413        4.984019        5.040653        563.1519      -0.1483071E-06
  295     2    880.8776        201.7674        4.956203        4.879281        589.6517      -0.3733495E-07
  296     2    882.0838        202.0436        4.949426        11.46211        828.8680      -0.2294462E-06
  297     2    885.1180        202.7386        4.932459        7.992261        634.7063      -0.9949977E-07
  298     2    889.2710        203.6899        4.909424        3.994889        570.0994      -0.8907232E-07
  299     2    890.6133        203.9973        4.902025        9.547339        815.2852      -0.1777813E-05
  300     2    894.6777        204.9283        4.879756        4.509309        592.5098      -0.1550631E-07
  301     2    898.4408        205.7902        4.859317        8.740130        658.6244      -0.2314718E-06
  302     2    899.3664        206.0023        4.854316        10.69119        821.1680      -0.9345294E-06
  303     2    902.8016        206.7891        4.835845        3.407530        579.2231      -0.1065311E-07
  304     2    907.5003        207.8653        4.810807        11.68729        827.0686      -0.1294107E-06
  305     2    908.0836        207.9990        4.807716        5.041084        593.6052      -0.4200122E-07
  306     2    911.7735        208.8441        4.788260        7.763481        649.1913      -0.8589380E-07
  307     2    915.9491        209.8006        4.766431        9.653824        807.4165      -0.1708727E-05
  308     2    916.3228        209.8862        4.764487        4.241883        587.6092      -0.3076974E-07
  309     2    921.1054        210.9816        4.739749        5.358465        579.7837      -0.1663100E-06
  310     2    924.7659        211.8201        4.720988        10.39250        817.8506      -0.1438000E-05
  311     2    925.3665        211.9577        4.717923        6.227516        620.6522       0.5353984E-07
  312     2    929.7335        212.9579        4.695763        6.112770        595.4601      -0.1147141E-06
  313     2    933.0027        213.7067        4.679309        11.77945        827.4346      -0.6456626E-08
  314     2    934.2162        213.9847        4.673231        4.380045        563.6844      -0.8868891E-07
  315     2    939.2908        215.1470        4.647984        5.923011        607.2491      -0.3848506E-07
  316     2    941.3537        215.6196        4.637798        10.05387        814.6506      -0.1488500E-05
  317     2    943.0663        216.0118        4.629376        7.483809        612.4534      -0.8589179E-07
  318     2    947.9575        217.1322        4.605490        3.257277        552.8470      -0.1418312E-07
  319     2    950.1744        217.6400        4.594745        10.06351        816.6807      -0.1561048E-05
  320     2    953.2051        218.3342        4.580135        7.149761        614.5831      -0.4927455E-07
  321     2    956.6961        219.1338        4.563423        6.663827        606.2831      -0.7452612E-07
  322     2    958.5128        219.5499        4.554773        11.77468        828.2189       0.2075201E-07
  323     2    962.0570        220.3617        4.537994        3.442880        549.9557      -0.1379794E-07
  324     2    966.7323        221.4326        4.516047        10.08594        789.6790      -0.2559425E-05
  325     2    966.8117        221.4508        4.515676        7.835977        625.6304      -0.1153712E-05
  326     2    970.7868        222.3613        4.497186        5.688461        593.9334       0.8951268E-08
  327     2    975.5337        223.4486        4.475303        9.678311        811.7363      -0.1779090E-05
  328     2    975.8516        223.5214        4.473845        4.855996        556.3726      -0.7088815E-07
  329     2    980.4064        224.5647        4.453060        5.949647        585.3348      -0.7412372E-07
  330     2    983.9630        225.3793        4.436964        11.65544        829.9434      -0.1715717E-06
  331     2    984.9442        225.6041        4.432544        6.746350        606.1928       0.2602478E-07
  332     2    989.2367        226.5873        4.413310        5.103562        557.4565      -0.1458935E-06
  333     2    992.0735        227.2371        4.400691        10.63495        822.6126      -0.9275391E-06
  334     2    994.4715        227.7863        4.390079        4.509418        569.9644       0.1687464E-07
  335     2    998.7435        228.7649        4.371301        8.684952        635.1749      -0.1344877E-06
  336     2    1000.799        229.2357        4.362322        9.509223        819.3649      -0.9687081E-06
  337     2    1003.018        229.7438        4.352674        3.836466        552.5001      -0.2050325E-07
  338     2    1008.670        231.0384        4.328284        5.044594        574.4469      -0.7383350E-07
  339     2    1009.288        231.1801        4.325631        11.39610        832.5227      -0.1625982E-06
  340     2    1012.399        231.8926        4.312341        8.553479        636.9583      -0.5053413E-07
  341     2    1017.221        232.9971        4.291899        3.958090        562.7776      -0.1409869E-06
  342     2    1017.301        233.0155        4.291560        10.48836        806.0311      -0.2130747E-06
  343     2    1022.439        234.1923        4.269995        6.228451        580.5051      -0.1101544E-06
  344     2    1025.883        234.9812        4.255660        9.356524        823.6776      -0.1094989E-05
  345     2    1026.352        235.0885        4.253716        6.839223        614.2205       0.7302915E-07
  346     2    1031.212        236.2019        4.233667        4.845729        560.8543      -0.9069480E-07
  347     2    1034.408        236.9338        4.220588        10.95389        836.3950      -0.3548443E-06
  348     2    1035.882        237.2716        4.214580        5.418866        568.1234      -0.9765127E-07
  349     2    1040.552        238.3412        4.195666        6.575935        611.6275      -0.1568788E-07
  350     2    1042.352        238.7535        4.188420        11.18827        840.2281      -0.1496412E-06
  351     2    1044.674        239.2854        4.179110        6.082553        575.7373      -0.1202818E-06
  352     2    1049.697        240.4360        4.159112        3.791612        557.4306      -0.4588785E-07
  353     2    1050.742        240.6753        4.154975        9.358884        829.7803      -0.9689475E-06
  354     2    1054.548        241.5469        4.139982        8.176122        635.2017      -0.3976860E-07
  355     2    1058.242        242.3932        4.125528        5.260185        577.3019      -0.8146725E-07
  356     2    1059.283        242.6316        4.121474        10.38795        838.6759      -0.5359955E-06
  357     2    1063.820        243.6707        4.103899        3.587623        557.1809      -0.2657016E-07
  358     2    1067.240        244.4543        4.090745        11.39600        846.3883      -0.7735090E-07
  359     2    1068.181        244.6697        4.087143        8.906374        645.2588      -0.2970215E-07
  360     2    1072.244        245.6002        4.071657        4.397718        574.0948      -0.1859845E-07
  361     2    1075.423        246.3284        4.059621        9.609374        835.1339      -0.8479916E-06
  362     2    1077.634        246.8350        4.051289        4.673392        562.6085      -0.9311925E-07
  363     2    1081.775        247.7834        4.035783        7.351934        621.4363      -0.6407300E-07
  364     2    1083.992        248.2911        4.027530        9.871929        837.3367      -0.7664726E-06
  365     2    1086.251        248.8088        4.019151        5.279208        585.4806      -0.3175456E-07
  366     2    1090.909        249.8755        4.001993        5.084771        562.4537      -0.1453848E-06
  367     2    1092.085        250.1450        3.997681        11.49734        845.9392      -0.6105169E-08
  368     2    1095.650        250.9615        3.984674        5.575539        599.3128      -0.9150731E-08
  369     2    1099.868        251.9276        3.969394        7.359169        613.2422      -0.2330079E-06
  370     2    1100.135        251.9889        3.968429        10.08534        834.4762      -0.5205799E-06
  371     2    1104.296        252.9420        3.953476        3.899513        558.6414      -0.7319879E-07
  372     2    1108.738        253.9594        3.937638        9.540775        830.6066      -0.9608353E-06
  373     2    1109.660        254.1706        3.934365        5.561148        597.8412       0.1163284E-07
  374     2    1113.294        255.0030        3.921522        8.081680        630.5141      -0.7755147E-07
  375     2    1117.036        255.8601        3.908386        11.41744        839.9443      -0.8038473E-07
  376     2    1118.167        256.1191        3.904433        3.170977        556.1950      -0.2137804E-07
  377     2    1123.423        257.3229        3.886168        6.673783        603.8286      -0.8757992E-07
  378     2    1125.031        257.6914        3.880610        10.61934        832.3017      -0.4626484E-06
  379     2    1126.983        258.1384        3.873891        6.921629        619.4929      -0.1119561E-07
  380     2    1132.105        259.3116        3.856365        3.817446        557.5996      -0.6505898E-07
  381     2    1133.639        259.6631        3.851145        9.392768        824.8269      -0.1000899E-05
  382     2    1136.823        260.3922        3.840361        6.573113        592.0603      -0.1073823E-06
  383     2    1141.013        261.3522        3.826255        6.184949        609.7264      -0.3033707E-07
  384     2    1142.125        261.6066        3.822533        11.20752        834.8867      -0.1978587E-06
  385     2    1145.632        262.4100        3.810830        5.345506        565.6264      -0.1292624E-06
  386     2    1150.108        263.4352        3.796000        11.02423        829.2896      -0.3271973E-06
  387     2    1150.349        263.4904        3.795204        4.801070        571.1502      -0.1276357E-07
  388     2    1155.060        264.5694        3.779726        7.388513        624.4269      -0.3254028E-07
  389     2    1158.659        265.3939        3.767985        9.367654        821.5630      -0.1075649E-05
  390     2    1158.973        265.4659        3.766963        5.417935        571.4621      -0.3330273E-07
  391     2    1164.359        266.6996        3.749537        3.725505        560.2853      -0.2042371E-07
  392     2    1167.266        267.3653        3.740201        10.86189        831.8370      -0.4392460E-06
  393     2    1168.807        267.7183        3.735269        9.017516        647.4085      -0.3226908E-07
  394     2    1172.792        268.6311        3.722577        4.223363        565.1927      -0.3579296E-07
  395     2    1175.272        269.1991        3.714723        11.38445        834.2756      -0.1186452E-06
  396     2    1178.434        269.9234        3.704755        4.376963        562.6214      -0.5293179E-07
  397     2    1182.422        270.8369        3.692259        8.511796        638.2718      -0.9814073E-07
  398     2    1183.699        271.1293        3.688277        9.486336        823.9510      -0.9237481E-06
  399     2    1186.939        271.8716        3.678207        4.220029        565.4772      -0.2340627E-07
  400     2    1192.031        273.0380        3.662494        5.439423        565.2468      -0.1768401E-06