radius rho vp vs Qp Qs
1737.1	3.2	1.8	2.927	6750	6750	
1725.1	3.2	1.8	2.927	6750	6750	
1725.0	5.5	3.3	2.927	6750	6750	
1702.1	5.5	3.3	2.927	6750	6750	
1702.0	7.54	4.34	3.312	6750	6750	
1697.1	7.55	4.34	3.314	6750	6750	
1671.7	7.57	4.35	3.318	9000	4000	
1487.1	7.72	4.43	3.346	9000	4000	
1461.7	7.74	4.44	3.35	3375	1500	
1252	       7.88	4.5	3.377	3375	1500	
1231.7	7.9	4.51	3.379	1125	500	
987.1	8.03	4.57	3.404	1125	500	
961.7	8.04	4.57	3.406	675	300
481	8.21	4.63	3.438	675	300
480	8.21	3.2	3.438	675	300		
353	8.23	3.2	3.442	675	300	
352	4.3	2.3 	7.757	1000	1000	
0	4.3	2.3	7.757	1000	1000	
