1.000000000000000021e-03,3.004675569873471479e-09
1.018628990244687619e-03,2.868667650412782415e-09
1.037605019766911670e-03,2.738828446207548184e-09
1.056934553557988335e-03,2.614877327567333233e-09
1.076624177045493267e-03,2.496546489247636948e-09
1.096680598336868600e-03,2.383580360433267387e-09
1.117110650504824203e-03,2.275735042134687711e-09
1.137921293915315117e-03,2.172777770705730036e-09
1.159119618598885779e-03,2.074486406253109921e-09
1.180712846666190276e-03,1.980648944767159757e-09
1.202708334768511989e-03,1.891063052859275129e-09
1.225113576604118949e-03,1.805535624044927755e-09
1.247936205471311460e-03,1.723882355561769883e-09
1.271183996869028896e-03,1.645927344760634800e-09
1.294864871145904933e-03,1.571502704153065028e-09
1.318986896198670470e-03,1.500448194242684145e-09
1.343558290220826226e-03,1.432610873309199347e-09
1.368587424502519176e-03,1.367844763353344513e-09
1.394082826282578647e-03,1.306010531448616389e-09
1.420053181653683095e-03,1.246975185781432691e-09
1.446507338521647217e-03,1.190611785695346714e-09
1.473454309619835756e-03,1.136799165087329951e-09
1.500903275579736594e-03,1.085421668534938599e-09
1.528863588058731147e-03,1.036368899562518516e-09
1.557344772926135207e-03,9.895354804824894920e-10
1.586356533508589657e-03,9.448208232743576280e-10
1.615908753895919101e-03,9.021289109893347616e-10
1.646011502308549748e-03,8.613680891926354972e-10
1.676675034527699143e-03,8.224508669782632481e-10
1.707909797389426916e-03,7.852937271131655677e-10
1.739726432343800767e-03,7.498169448881958282e-10
1.772135779080358372e-03,7.159444152732669033e-10
1.805148879221108154e-03,6.836034879928609601e-10
1.838776980082326793e-03,6.527248101560335801e-10
1.873031538506436536e-03,6.232421760921414324e-10
1.907924224765265072e-03,5.950923840598182800e-10
1.943466926536020246e-03,5.682150995122230881e-10
1.979671752951332481e-03,5.425527246163763722e-10
2.016551038724746607e-03,5.180502737384710557e-10
2.054117348353064112e-03,4.946552546204583948e-10
2.092383480396977150e-03,4.723175549859845048e-10
2.131362471841437810e-03,4.509893343259388897e-10
2.171067602537264923e-03,4.306249206254616648e-10
2.211512399725488933e-03,4.111807118053267323e-10
2.252710642645980484e-03,3.926150816611420257e-10
2.294676367231936100e-03,3.748882900938499144e-10
2.337423870891814758e-03,3.579623974345814407e-10
2.380967717380358135e-03,3.418011826760326608e-10
2.425322741760352948e-03,3.263700654312236370e-10
2.470504055456825433e-03,3.116360314487855608e-10
2.516527051405391836e-03,2.975675615218156390e-10
2.563407409296514835e-03,2.841345636348691943e-10
2.611161100917459583e-03,2.713083082008276626e-10
2.659804395593758260e-03,2.590613662462320827e-10
2.709353865732051433e-03,2.473675504101756422e-10
2.759826392466180594e-03,2.362018586280874373e-10
2.811239171408464344e-03,2.255404203776456000e-10
2.863609718508115885e-03,2.153604453697256018e-10
2.916955876018795853e-03,2.056401745726679792e-10
2.971295818577334054e-03,1.963588334632951492e-10
3.026648059395692196e-03,1.874965874030005328e-10
3.083031456568277075e-03,1.790344990419081949e-10
3.140465219496752208e-03,1.709544876585578030e-10
3.198968915434537586e-03,1.632392903468157511e-10
3.258562476153226226e-03,1.558724249657663529e-10
3.319266204733189573e-03,1.488381547722032492e-10
3.381100782480685445e-03,1.421214546590241211e-10
3.444087275973823411e-03,1.357079789263489681e-10
3.508247144239792347e-03,1.295840305155334601e-10
3.573602246065788347e-03,1.237365316394496184e-10
3.640174847446141400e-03,1.181529957454524319e-10
3.707987629168172684e-03,1.128215007503644505e-10
3.777063694539364597e-03,1.077306634895839197e-10
3.847426577258505898e-03,1.028696153250679768e-10
3.919100249433401899e-03,9.822797885947635658e-11
3.992109129748053209e-03,9.379584570615293571e-11
4.066478091781853925e-03,8.956375526694668198e-11
4.142232472483897525e-03,8.552267447203681862e-11
4.219398080805024202e-03,8.166397843804846140e-11
4.298001206490798497e-03,7.797943200271313323e-11
4.378068629038166758e-03,7.446117209625868336e-11
4.459627626819095622e-03,7.110169091150580671e-11
4.542705986374042521e-03,6.789381983640472189e-11
4.627332011878692967e-03,6.483071411437688299e-11
4.713534534786906725e-03,6.190583819942759512e-11
4.801342923653449841e-03,5.911295177447829327e-11
4.890787094139589959e-03,5.644609640282554387e-11
4.981897519205159656e-03,5.389958278398745793e-11
5.074705239490466188e-03,5.146797858651709231e-11
5.169241873891598608e-03,4.914609683160682500e-11
5.265539630332755246e-03,4.692898480249892088e-11
5.363631316739239652e-03,4.481191345585571113e-11
5.463550352214875498e-03,4.279036731232599644e-11
5.565330778427646403e-03,4.086003480458105131e-11
5.669007271207434327e-03,3.901679906208056912e-11
5.774615152359819509e-03,3.725672911277189929e-11
5.882190401699956099e-03,3.557607148282629458e-11
5.991769669310619169e-03,3.397124217637395729e-11
6.103390288028621123e-03,3.243881901801936379e-11
6.217090286163826779e-03,3.097553434170090486e-11
6.332908400455114321e-03,2.957826801020489955e-11
6.450884089267692675e-03,2.824404075035686594e-11
6.571057546036270826e-03,2.697000778959262643e-11
6.693469712958660493e-03,2.575345278026118724e-11
6.818162294944479437e-03,2.459178199863036056e-11
6.945177773823696388e-03,2.348251880615790336e-11
7.074559422819878297e-03,2.242329836115462209e-11
7.206351321293052656e-03,2.141186256950502655e-11
7.340598369757212090e-03,2.044605526362514811e-11
7.477346305177588227e-03,1.952381759932747725e-11
7.616641716552892058e-03,1.864318366073206484e-11
7.758532060787835978e-03,1.780227626380931161e-11
7.903065678861348128e-03,1.699930294956713832e-11
8.050291812295981564e-03,1.623255215830236654e-11
8.200260619934130954e-03,1.550038957672527349e-11
8.353023195026778799e-03,1.480125465013708138e-11
8.508631582640582489e-03,1.413365725219490942e-11
8.667138797389234081e-03,1.349617450513667085e-11
8.828598841495149604e-03,1.288744774366119894e-11
8.993066723187623582e-03,1.230617961596746050e-11
9.160598475443709407e-03,1.175113131575056271e-11
9.331251175078249249e-03,1.122111993923321169e-11
9.505082962189511861e-03,1.071501596157962365e-11
9.682153059967075343e-03,1.023174082729452375e-11
9.862521794868784469e-03,9.770264649454181834e-12
1.004625061717340749e-02,9.329604012850534389e-12
1.023340212191641702e-02,8.908819876350224855e-12
1.042404007021556327e-02,8.507015569985443825e-12
1.061822941099384125e-02,8.123334882494234002e-12
1.081603630310709954e-02,7.756960235222905296e-12
1.101752813788386791e-02,7.407110938487673105e-12
1.122277356208507652e-02,7.073041526669403141e-12
1.143184250129149725e-02,6.754040168483701625e-12
1.164480618372686072e-02,6.449427149029767917e-12
1.186173716452478509e-02,6.158553420374806483e-12
1.208270935044776506e-02,5.880799217577742392e-12
1.230779802506665188e-02,5.615572737195744994e-12
1.253707987440920262e-02,5.362308875450971514e-12
1.277063301308643990e-02,5.120468023362461441e-12
1.300853701090571267e-02,4.889534916269976289e-12
1.325087291997953214e-02,4.669017535293000158e-12
1.349772330233941706e-02,4.458446058379052427e-12
1.374917225806419029e-02,4.257371858701617655e-12
1.400530545393219653e-02,4.065366548269249878e-12
1.426621015260736910e-02,3.882021064703916376e-12
1.453197524236895383e-02,3.706944799239133483e-12
1.480269126739508674e-02,3.539764764076412556e-12
1.507845045861051086e-02,3.380124797322736530e-12
1.535934676510897039e-02,3.227684803812044667e-12
1.564547588616095955e-02,3.082120030190449910e-12
1.593693530381774456e-02,2.943120372718057792e-12
1.623382431612278159e-02,2.810389716310229312e-12
1.653624407094180307e-02,2.683645303407815591e-12
1.684429760042315330e-02,2.562617131329641983e-12
1.715808985610004986e-02,2.447047376821361900e-12
1.747772774464680795e-02,2.336689846572861603e-12
1.780332016430113962e-02,2.231309452531899483e-12
1.813497804196495186e-02,2.130681710894606558e-12
1.847281437099634188e-02,2.034592263703989867e-12
1.881694424970555696e-02,1.942836422035945885e-12
1.916748492056815148e-02,1.855218729798293703e-12
1.952455581016860828e-02,1.771552547212409734e-12
1.988827856988809734e-02,1.691659653089023889e-12
2.025877711735016989e-02,1.615369865049899686e-12
2.063617767863858837e-02,1.542520676885381462e-12
2.102060883130158278e-02,1.472956912274416428e-12
2.141220154815729262e-02,1.406530394128534177e-12
2.181108924191518805e-02,1.343099628854662450e-12
2.221740781062883641e-02,1.282529504863449309e-12
2.263129568399528321e-02,1.224691004680208582e-12
2.305289387051707301e-02,1.169460930044577602e-12
2.348234600554275145e-02,1.116721639412753029e-12
2.391979840020238418e-02,1.066360797302579138e-12
2.436540009125464853e-02,1.018271134947067298e-12
2.481930289186254010e-02,9.723502217460434499e-13
2.528166144331499277e-02,9.285002470286354429e-13
2.575263326771199887e-02,8.866278116613447595e-13
2.623237882163122203e-02,8.466437290574192987e-13
2.672106155079433804e-02,8.084628351633172508e-13
2.721884794575178332e-02,7.720038070171850959e-13
2.772590759860482645e-02,7.371889894925731161e-13
2.824241326078434297e-02,7.039442298580517737e-13
2.876854090190592711e-02,6.721987198000810196e-13
2.930446976972142861e-02,6.418848445723819719e-13
2.985038245118730796e-02,6.129380389502777234e-13
3.040646493467067182e-02,5.852966496829630625e-13
3.097290667331408301e-02,5.589018041505371525e-13
3.154990064958086704e-02,5.336972849458496246e-13
3.213764344100276948e-02,5.096294101138553358e-13
3.273633528715245988e-02,4.866469187932293654e-13
3.334618015786364187e-02,4.647008620165164884e-13
3.396738582272208068e-02,4.437444984360810169e-13
3.460016392185108480e-02,4.237331947536418841e-13
3.524473003801584237e-02,4.046243306411765633e-13
3.590130377007068330e-02,3.863772079505943492e-13
3.657010880777489259e-02,3.689529640186744753e-13
3.725137300800209633e-02,3.523144888825362218e-13
3.794532847236938011e-02,3.364263462292229360e-13
3.865221162631261864e-02,3.212546979109432020e-13
3.937226329963479377e-02,3.067672318651237764e-13
4.010572880855495931e-02,2.929330932856729003e-13
4.085285803928561527e-02,2.797228188987950248e-13
4.161390553316707264e-02,2.671082742033067017e-13
4.238913057338778573e-02,2.550625935417260379e-13
4.317879727332021161e-02,2.435601228744424835e-13
4.398317466650223523e-02,2.325763651350321827e-13
4.480253679829489938e-02,2.220879280502870532e-13
4.563716281924758839e-02,2.120724743137792276e-13
4.648733708020256344e-02,2.025086740067964331e-13
4.735334922917116413e-02,1.933761591652763774e-13
4.823549431001467047e-02,1.846554803959404951e-13
4.913407286296361809e-02,1.763280654491906833e-13
5.004939102700953213e-02,1.683761796605112902e-13
5.098176064420424647e-02,1.607828881760915584e-13
5.193149936590212012e-02,1.535320198821917325e-13
5.289893076098151070e-02,1.466081329614034416e-13
5.388438442608223938e-02,1.399964820024252477e-13
5.488819609789671872e-02,1.336829865932796655e-13
5.591070776755290017e-02,1.276542013310643343e-13
5.695226779712821846e-02,1.218972871843440259e-13
5.801323103833375128e-02,1.163999841471773541e-13
5.909395895340967958e-02,1.111505851265168560e-13
6.019481973827271043e-02,1.061379110073577184e-13
6.131618844795772016e-02,1.013512868425129262e-13
6.245844712439614643e-02,9.678051911629343925e-14
6.362198492657485105e-02,9.241587403365741032e-14
6.480719826311967524e-02,8.824805678857827765e-14
6.601449092734885948e-02,8.426819176746874654e-14
6.724427423484245769e-02,8.046780364548843454e-14
6.849696716357443760e-02,7.683879933546593897e-14
6.977299649665534564e-02,7.337345075098345652e-14
7.107279696773415034e-02,7.006437834690502956e-14
7.239681140910873836e-02,6.690453540228725007e-14
7.374549090259549522e-02,6.388719301219220515e-14
7.511929493320965157e-02,6.100592575643275685e-14
7.651869154570821452e-02,5.825459801472285499e-14
7.794415750404946885e-02,5.562735089908192289e-14
7.939617845382279659e-02,5.311858977565810015e-14
8.087524908770453436e-02,5.072297234939057054e-14
8.238187331399605962e-02,4.843539728612981705e-14
8.391656442830157381e-02,4.625099334798021116e-14
8.547984528840409102e-02,4.416510901872228799e-14
8.707224849239916797e-02,4.217330259721637838e-14
8.869431656014709064e-02,4.027133273768560661e-14
9.034660211810524588e-02,3.845514941672899162e-14
9.202966808760409956e-02,3.672088530782351408e-14
9.374408787662991127e-02,3.506484754494320977e-14
9.549044557518077125e-02,3.348350985775075134e-14
9.726933615426168467e-02,3.197350506160964707e-14
9.908136566858666283e-02,3.053161788642054768e-14
1.009271514630570854e-01,2.915477812900670771e-14
1.028073223830864719e-01,2.784005411446287259e-14
1.047225189888434382e-01,2.658464645254016371e-14
1.066733937734857113e-01,2.538588207576748619e-14
1.086606113854596822e-01,2.424120854661028795e-14
1.106848488549412035e-01,2.314818862154030990e-14
1.127467958244946084e-01,2.210449506043711755e-14
1.148471547840289042e-01,2.110790567026452819e-14
1.169866413101306873e-01,2.015629857246392661e-14
1.191659843098558796e-01,1.924764768398264071e-14
1.213859262690627772e-01,1.838001840231037748e-14
1.236472235053715091e-01,1.755156348533091151e-14
1.259506464258357550e-01,1.676051911721074305e-14
1.282969797894147612e-01,1.600520115194233058e-14
1.306870229743346268e-01,1.528400152653725678e-14
1.331215902504307713e-01,1.459538483622550887e-14
1.356015110565633452e-01,1.393788506436144063e-14
1.381276302832009362e-01,1.331010246006561215e-14
1.407008085602685088e-01,1.271070055694541731e-14
1.433219225503573890e-01,1.213840332653706587e-14
1.459918652473978506e-01,1.159199246039674379e-14
1.487115462808953625e-01,1.107030477504182538e-14
1.514818922258345801e-01,1.057222973420273247e-14
1.543038469183564687e-01,1.009670708309415117e-14
1.571783717773162781e-01,9.642724589650662997e-15
1.601064461318317811e-01,9.209315887897315985e-15
1.630890675549332702e-01,8.795558418840331055e-15
1.661272522034293042e-01,8.400571464467542241e-15
1.692220351641037235e-01,8.023514270643017989e-15
1.723744708063619790e-01,7.663584254865292339e-15
1.755856331414468730e-01,7.320015295034759018e-15
1.788566161883461958e-01,6.992076095542975058e-15
1.821885343465165230e-01,6.679068627155171279e-15
1.855825227755517060e-01,6.380326637307602639e-15
1.890397377819219571e-01,6.095214227584026628e-15
1.925613572129196704e-01,5.823124495269337451e-15
1.961485808579429280e-01,5.563478236006089290e-15
1.998026308572548593e-01,5.315722704698536638e-15
2.035247521183575770e-01,5.079330431921281350e-15
2.073162127401229071e-01,4.853798093194803494e-15
2.111783044448242164e-01,4.638645428588404983e-15
2.151123430182164953e-01,4.433414210202932518e-15
2.191196687578147451e-01,4.237667255170803168e-15
2.232016469295232397e-01,4.050987481890053577e-15
2.273596682327715113e-01,3.872977007282400825e-15
2.315951492743152096e-01,3.703256282933173411e-15
2.359095330508633737e-01,3.541463268033839496e-15
2.403042894406967056e-01,3.387252637106462426e-15
2.447809157044440187e-01,3.240295020544368777e-15
2.493409369951877785e-01,3.100276276055726871e-15
2.539859068780723761e-01,2.966896789147625080e-15
2.587174078595921300e-01,2.839870800839198109e-15
2.635370519267393186e-01,2.718925760844915548e-15
2.684464810961962322e-01,2.603801704525563192e-15
2.734473679737579599e-01,2.494250651966837050e-15
2.785414163241766161e-01,2.390036027616775086e-15
2.837303616516211324e-01,2.290932098996291989e-15
2.890159717909508430e-01,2.196723433095190130e-15
2.944000475100033709e-01,2.107204369182676999e-15
2.998844231231027613e-01,2.022178506899843624e-15
3.054709671159968054e-01,1.941458208665139002e-15
3.111615827824359970e-01,1.864864115615180696e-15
3.169582088726115021e-01,1.792224676524058865e-15
3.228628202536730218e-01,1.723375689395201444e-15
3.288774285825510346e-01,1.658159855699574606e-15
3.350040829913132900e-01,1.596426347538886362e-15
3.412448707852889229e-01,1.538030388336351906e-15
3.476019181541977754e-01,1.482832847990923088e-15
3.540773908965269556e-01,1.430699853760923537e-15
3.606734951574028236e-01,1.381502418453625376e-15
3.673924781802074269e-01,1.335116087769389297e-15
3.742366290721980682e-01,1.291420608861327086e-15
3.812082795843887983e-01,1.250299622302007640e-15
3.883098049059605095e-01,1.211640379676220949e-15
3.955436244734701345e-01,1.175333488924930964e-15
4.029122027951347884e-01,1.141272689337204800e-15
4.104180502904709038e-01,1.109354657718394091e-15
4.180637241455757991e-01,1.079478846757890494e-15
4.258518291843414461e-01,1.051547355992634900e-15
4.337850187558989212e-01,1.025464835038413798e-15
4.418659956385941334e-01,1.001138417974941027e-15
4.500975129608046355e-01,9.784776869658016358e-16
4.584823751389096036e-01,9.573946624181668349e-16
4.670234388327330621e-01,9.378038162880284964e-16
4.757236139187884794e-01,9.196221045590302623e-16
4.845858644816490868e-01,9.027690145034006753e-16
4.936132098237911991e-01,8.871666220971898667e-16
5.028087254942474882e-01,8.727396549207972022e-16
5.121755443364236493e-01,8.594155560269798334e-16
5.217168575554343990e-01,8.471245445861297641e-16
5.314359158053235666e-01,8.357996695951982483e-16
5.413360302965375404e-01,8.253768535265449799e-16
5.514205739240296555e-01,8.157949234560714032e-16
5.616929824163804374e-01,8.069956279052562834e-16
5.721567555063246102e-01,7.989236383207177800e-16
5.828154581230839959e-01,7.915265347644870540e-16
5.936727216069119795e-01,7.847547759719831412e-16
6.047322449462643190e-01,7.785616544343577123e-16
6.159977960380161877e-01,7.729032375667815182e-16
6.274732129711574347e-01,7.677382963309941621e-16
6.391624053343999412e-01,7.630282228916551614e-16
6.510693555481454897e-01,7.587369390090228116e-16
6.631981202212668958e-01,7.548307969158326585e-16
6.755528315331639222e-01,7.512784744063325994e-16
6.881376986415662644e-01,7.480508657934097129e-16
7.009570091165617800e-01,7.451209702784818915e-16
7.140151304013395706e-01,7.424637791402623570e-16
7.273165113001454074e-01,7.400561629932099782e-16
7.408656834939559843e-01,7.378767602033886180e-16
7.546672630843886953e-01,7.359058673857962275e-16
7.687259521663728501e-01,7.341253327486211616e-16
7.830465404301183430e-01,7.325184529004017368e-16
7.976339067929273385e-01,7.310698735984788397e-16
8.124930210614047521e-01,7.297654947931358672e-16
8.276289456246344045e-01,7.285923802121343982e-16
8.430468371788967241e-01,7.275386716350839572e-16
8.587519484845170803e-01,7.265935079257853059e-16
8.747496301554414933e-01,7.257469488225156113e-16
8.910453324821513421e-01,7.249899034301862148e-16
9.076446072885356875e-01,7.243140633131827570e-16
9.245531098233570333e-01,7.237118400522937313e-16
9.417766006869519035e-01,7.231763071022085299e-16
9.593209477938241525e-01,7.227011457664501362e-16
9.771921283717996953e-01,7.222805950932060515e-16
9.953962309984233370e-01,7.219094054873221166e-16
1.013939457675291811e+00,7.215827958298205084e-16
1.032828125941028574e+00,7.212964138959014622e-16
1.052068671023622892e+00,7.210462998647784212e-16
1.071667648032863296e+00,7.208288527192751594e-16
1.091631734193614811e+00,7.206407993393732324e-16
1.111967731120699021e+00,7.204791661013784840e-16
1.132682567136153784e+00,7.203412528027465313e-16
1.153783299629660863e+00,7.202246087415372529e-16
1.175277117462945276e+00,7.201270107887305211e-16
1.197171343418965694e+00,7.200464433010218716e-16
1.219473436696737023e+00,7.199810797310768433e-16
1.242190995452616242e+00,7.199292658014413432e-16
1.265331759388941713e+00,7.198895041172562056e-16
1.288903612390891462e+00,7.198604401015891584e-16
1.312914585212463958e+00,7.198408491454819284e-16
1.337372858212495075e+00,7.198296248727024746e-16
1.362286764141645401e+00,7.198257684266725158e-16
1.387664790981307128e+00,7.198283786940880042e-16
1.413515584835394190e+00,7.198366433863786983e-16
1.439847952876006643e+00,7.198498309063462392e-16
1.466670866343967150e+00,7.198672829331198367e-16
1.493993463605256311e+00,7.198884076639456484e-16
1.521825053264385552e+00,7.199126736563436813e-16
1.550175117335768737e+00,7.199396042187968554e-16
1.579053314474174297e+00,7.199687723024415860e-16
1.608469483265355215e+00,7.199997958501877430e-16
1.638433645577983100e+00,7.200323335633661211e-16
1.668956009978023181e+00,7.200660810493645680e-16
1.700046975206716438e+00,7.201007673168305074e-16
1.731717133723352786e+00,7.201361515878612428e-16
1.763977275314043469e+00,7.201720203992313188e-16
1.796838390767719229e+00,7.202081849671147097e-16
1.830311675620611256e+00,7.202444787919626936e-16
1.864408533970485227e+00,7.202807554822230820e-16
1.899140582361933616e+00,7.203168867774426629e-16
1.934519653744044332e+00,7.203527607529893849e-16
1.970557801501798378e+00,7.203882801901818127e-16
2.007267303562568106e+00,7.204233610970388508e-16
2.044660666579115826e+00,7.204579313661557787e-16
2.082750630190514318e+00,7.204919295574047045e-16
2.121550171362450055e+00,7.205253037942373996e-16
2.161072508808376647e+00,7.205580107633625357e-16
2.201331107493030181e+00,7.205900148084736813e-16
2.242339683219845003e+00,7.206212871095255151e-16
2.284112207303823361e+00,7.206518049398194344e-16
2.326662911331458083e+00,7.206815509938359836e-16
2.370006292009327886e+00,7.207105127793878463e-16
2.414157116103017753e+00,7.207386820682356139e-16
2.459130425468043946e+00,7.207660543998317595e-16
2.504941542174502267e+00,7.207926286333348123e-16
2.551606073727183954e+00,7.208184065434699013e-16
2.599139918382932901e+00,7.208433924562060665e-16
2.647559270567066747e+00,7.208675929205852904e-16
2.696880626390692370e+00,7.208910164133627198e-16
2.747120789270811603e+00,7.209136730734220485e-16
2.798296875655115645e+00,7.209355744631985386e-16
2.850426320853434614e+00,7.209567333545954826e-16
2.903526884977813971e+00,7.209771635371048327e-16
2.957616658993253544e+00,7.209968796460458534e-16
3.012714070881164385e+00,7.210158970090353354e-16
3.068837891917642224e+00,7.210342315089587098e-16
3.126007243068700259e+00,7.210518994618778483e-16
3.184241601504649744e+00,7.210689175084580661e-16
3.243560807235807975e+00,7.210853025176088608e-16
3.303985069871854918e+00,7.211010715011699865e-16
3.365534975507090909e+00,7.211162415385725742e-16
3.428231493733967294e+00,7.211308297105022412e-16
3.492095984787267682e+00,7.211448530406818462e-16
3.557150206821382277e+00,7.211583284449774380e-16
3.623416323323146226e+00,7.211712726870949393e-16
3.690916910662774608e+00,7.211837023402100510e-16
3.759674965785463563e+00,7.211956337539340116e-16
3.829713914046277257e+00,7.212070830260691227e-16
3.901057617190989202e+00,7.212180659786640597e-16
3.973730381485604202e+00,7.212285981379205979e-16
4.047756965997318268e+00,7.212386947175491412e-16
4.123162591029748469e+00,7.212483706052041596e-16
4.199972946715301525e+00,7.212576403516708787e-16
4.278214201767612579e+00,7.212665181624989167e-16
4.357913012397025554e+00,7.212750178918149523e-16
4.439096531392166867e+00,7.212831530380676092e-16
4.521792417370697592e+00,7.212909367414793368e-16
4.606028844202397998e+00,7.212983817830111286e-16
4.691834510607794329e+00,7.213055005846535136e-16
4.779238649935595440e+00,7.213123052108827932e-16
4.868271040122278848e+00,7.213188073711354022e-16
4.958962013837211913e+00,7.213250184231680621e-16
5.051342468816761411e+00,7.213309493771834243e-16
5.145443878390924652e+00,7.213366109006158929e-16
5.241298302206056192e+00,7.213420133234786218e-16
5.338938397147350301e+00,7.213471666441870835e-16
5.438397428464796235e+00,7.213520805357840689e-16
5.539709281106400596e+00,7.213567643524897968e-16
5.642908471262536807e+00,7.213612271365244760e-16
5.748030158125351008e+00,7.213654776251402112e-16
5.855110155867238042e+00,7.213695242578173869e-16
5.964184945842459840e+00,7.213733751835807606e-16
6.075291689016070862e+00,7.213770382683970057e-16
6.188468238624382778e+00,7.213805211026166283e-16
6.303753153071275150e+00,7.213838310084352108e-16
6.421185709064758385e+00,7.213869750473424281e-16
6.540805914998252923e+00,7.213899600275365516e-16
6.662654524581149929e+00,7.213927925112865917e-16
6.786773050723295064e+00,7.213954788222228520e-16
6.913203779678127603e+00,7.213980250525372571e-16
7.041989785449288775e+00,7.214004370700872425e-16
7.173174944465612768e+00,7.214027205253847660e-16
7.306803950529499936e+00,7.214048808584663004e-16
7.442922330043757917e+00,7.214069233056318749e-16
7.581576457522110069e+00,7.214088529060510950e-16
7.722813571388642551e+00,7.214106745082242090e-16
7.866681790071582192e+00,7.214123927763028561e-16
8.013230128396878982e+00,7.214140121962572824e-16
8.162508514287219796e+00,7.214155370818973215e-16
8.314567805772055564e+00,7.214169715807379702e-16
8.469459808314576676e+00,7.214183196797129104e-16
8.627237292461440887e+00,7.214195852107346968e-16
8.787954011821311084e+00,7.214207718561013137e-16
8.951664721378293166e+00,7.214218831537510733e-16
9.118425196146562328e+00,7.214229225023647708e-16
9.288292250172489162e+00,7.214238931663192378e-16
9.461323755890759912e+00,7.214247982804929845e-16
9.637578663841079418e+00,7.214256408549245216e-16
9.817117022752183786e+00,7.214264237793293784e-16
1.000000000000000000e+01,7.214271498274736456e-16
